SUJETO-1|EXP-2

HS->2094,2535,3034,4110,4686,5182,5709,7313,7850,8341,9987,10536,11055,12664,13116,13679,14206,15873,16416,16978,18539,19035,19539,20030,21520,22021,22533,24113,24625,25171,25733,26752
TO->1930,2345,2813,3343,4476,4988,5487,5995,7093,7624,8141,8667,9788,10320,10832,11391,12933,13449,13968,15647,16205,16735,17305,18317,18823,19303,19824,21313,21818,22307,22841,23886,24391,24939,25506

SUJETO-2|EXP-1

HS->647,1161,1662,2188,3749,4296,4839,5354,7092,7623,8154,8713,9979,10513,11049,11573,12829,13375,13894,14349,15571,16117,16634,17178,18816,19308,19804,20338,21523,22038,22525,23005,24286,24782,25283,25763
TO->931,1453,1957,2505,4078,4598,5135,5667,6861,7405,7920,8466,10309,10830,11370,12609,13150,13689,14141,14660,15916,16423,16967,17478,19106,19593,20111,21827,22309,22795,23313,24565,25048,25544,26044

SUJETO-2|EXP-2

HS->172,601,1084,2728,3208,3701,5377,5879,6360,6851,8057,8576,9112,9555,10608,11091,11573,12070,13068,13519,14024,14572,15793,16324,16879,17414,18629,19159,19647,20116,21189,21685,22141,22636,23636,24147,24620,25124
TO->404,904,2524,2994,3476,3986,5155,5658,6151,6644,7812,8332,8879,9369,10371,10895,11366,11841,12874,13284,13789,14328,15558,16093,16638,17179,18408,18930,19445,19919,21482,21957,22429,22905,23927,24402,24901,25413,26548

SUJETO-3|EXP-1

HS->245,758,1258,1781,2872,3398,3946,5599,6152,6714,7864,8442,8954,10631,11167,11676,12922,13465,14022,15749,16292,16892,18097,18608,19130,20548,20825,21379,21929,23233,23813,24374,26210,26746
TO->537,1040,1538,3165,3708,4250,5362,5909,6463,8221,8741,10418,10938,11436,13254,13792,14348,15523,16053,16620,18387,18900,19427,20601,21147,21662,22252,23570,24144,24725,26016,26521

SUJETO-3|EXP-2

HS->161,1840,2384,4153,4679,5204,6337,6833,7381,9041,9589,10143,11305,11875,12485,14121,14676,15217,16295,16835,17383,19060,19608,20210,21258,21744,22284,23931,24466,25009,26248,26780
TO->491,1594,2156,2701,3895,4451,4985,6623,7128,7678,8773,9331,9887,11630,12226,12802,13865,14421,14961,16605,17132,17732,18819,19370,19956,21544,22030,22583,23705,24213,24771,26571